6.271943 0.744241
1.346165 0.918544
1.772104 0.888130
3.292370 0.156498
3.933326 0.557760
1.628704 0.526473
6.953075 0.648458
0.039830 0.014718
0.705655 0.153881
4.225060 0.091430
3.445459 0.023228
1.974036 0.080880
3.648448 0.343177
3.096715 0.735096
3.685894 0.642483
4.166762 0.995784
3.867236 0.551293
9.143275 0.563934
4.394228 0.243564
7.204321 0.832755
8.013249 0.883302
3.592279 0.496632
5.317603 0.363211
5.113503 0.602326
5.170916 0.933856
6.937563 0.861638
9.570839 0.891160
9.425170 0.321929
2.343367 0.252189
0.570247 0.602926
8.946715 0.473701
5.987098 0.281395
0.249936 0.513037
8.453292 0.464416
7.566018 0.565761
2.971718 0.557927
4.490637 0.656400
0.545590 0.980824
0.196107 0.565909
5.831499 0.536702
4.997656 0.276906
3.983398 0.456850
1.680661 0.340857
7.787783 0.402403
5.930454 0.835803
0.053288 0.487717
3.095038 0.604039
7.691120 0.334497
1.170759 0.614441
7.989139 0.873678
1.802024 0.096086
4.316043 0.629266
7.524854 0.486163
6.100901 0.772096
0.520727 0.193240
3.087984 0.551838
4.701462 0.707138
0.086879 0.638212
0.479950 0.787466
0.406150 0.641040
6.232691 0.045944
1.287573 0.932773
6.499825 0.897869
2.672704 0.767058
5.123105 0.066184
6.407360 0.692513
1.622700 0.072340
3.217790 0.914755
5.585036 0.931869
6.868515 0.610576
1.251091 0.995650
1.624146 0.595255
7.027880 0.171102
2.334676 0.750783
9.585685 0.274083
3.918235 0.581838
3.200265 0.520581
5.146105 0.970009
4.184502 0.781881
7.370673 0.930761
8.480651 0.377803
6.232736 0.010335
4.501436 0.945053
9.250905 0.008647
8.769218 0.611942
6.192235 0.002031
6.075918 0.781638
5.972862 0.310380
9.527404 0.830754
0.611629 0.911309
1.048364 0.452986
4.931466 0.424863
9.735672 0.007757
3.948719 0.392017
7.896380 0.131939
3.227781 0.637703
5.097425 0.946052
6.480382 0.959886
8.911043 0.573129
9.685333 0.768026
1.850706 0.587757
7.700570 0.792662
3.693948 0.367343
1.030422 0.322135
1.980970 0.164205
2.334443 0.302933
6.171914 0.726591
7.277964 0.590759
7.343480 0.122668
9.827759 0.523986
2.546074 0.305554
1.616891 0.764350
2.516057 0.809727
7.242361 0.142710
3.828559 0.692769
9.107361 0.567927
2.805262 0.680793
3.605889 0.649921
0.481364 0.463631
9.720563 0.246233
6.278360 0.205501
5.491669 0.245027
9.320914 0.276963
8.357859 0.666439
3.996315 0.818562
1.904253 0.654239
1.241159 0.352114
4.185889 0.375722
1.618416 0.142825
5.184316 0.544698
8.355944 0.429168
1.126241 0.116121
1.099609 0.473213
7.660416 0.158097
9.368440 0.738098
4.043307 0.564680
9.435985 0.953498
8.097074 0.875690
2.304609 0.645493
5.421292 0.630092
4.640553 0.732555
2.843314 0.588171
0.846689 0.702920
9.638927 0.246511
8.457454 0.482324
7.912080 0.681340
9.114921 0.903832
7.974605 0.021453
3.770451 0.563502
1.795503 0.313889
3.016000 0.583881
8.785691 0.245199
5.373787 0.688277
1.208884 0.767840
3.337699 0.663018
3.979321 0.797825
3.955722 0.682264
3.859963 0.480241
3.851839 0.349889
7.267516 0.230929
8.322134 0.517960
9.122691 0.743706
4.217917 0.709730
7.651585 0.798837
2.732317 0.944709
1.127259 0.574832
5.285898 0.991295
8.200302 0.065969
6.795715 0.940919
8.338082 0.013341
6.039362 0.231740
8.111666 0.999508
9.140038 0.197163
4.797495 0.299188
5.470520 0.206501
5.301170 0.379265
7.244606 0.442386
1.229709 0.146252
1.521157 0.888129
9.450891 0.425347
8.328382 0.057815
0.001791 0.361428
0.491100 0.820209
4.273966 0.728681
7.611280 0.261205
7.420229 0.365064
4.929451 0.553190
3.645726 0.406949
7.503525 0.844322
7.061366 0.297404
0.508231 0.236254
6.766699 0.775284
6.786397 0.799641
9.215360 0.830755
6.877702 0.866625
2.561029 0.520608
9.244402 0.256282
8.820364 0.973550
0.764914 0.309433
7.022317 0.837619
5.706378 0.444255
2.026836 0.063583
9.974441 0.567256
4.705317 0.747797
4.115783 0.176668
0.452011 0.462401
4.129218 0.721871
2.376851 0.091562
5.215117 0.159221
9.223170 0.209282
0.258464 0.178420
7.298902 0.950287
4.347019 0.611927
9.238367 0.511193
9.213597 0.626068
3.488127 0.491997
0.703229 0.551496
5.555803 0.067767
1.187525 0.026112
8.155636 0.530331
2.027803 0.860765
9.927323 0.615702
5.826356 0.230417
7.072637 0.104147
3.896386 0.629581
3.134292 0.415485
8.080006 0.043319
3.657715 0.242702
6.552461 0.289608
7.538957 0.576606
9.156765 0.102708
0.686032 0.985999
6.542047 0.624183
0.537665 0.772957
6.502955 0.869330
3.032881 0.853076
7.300948 0.296020
4.687778 0.312730
5.264378 0.176041
4.168778 0.916076
8.056222 0.730307
3.315613 0.613623
7.736264 0.697333
8.563252 0.428872
9.869410 0.610221
0.054782 0.902618
7.129294 0.074081
8.886170 0.367134
6.982649 0.942383
1.400913 0.348560
8.117136 0.443379
2.016360 0.541808
7.393998 0.670414
8.545389 0.265838
8.464554 0.271417
1.819139 0.652078
0.017237 0.513475
2.657002 0.775350
2.108080 0.122025
2.042225 0.197749
7.322464 0.209701
1.003665 0.445176
2.837822 0.988983
8.123098 0.982047
9.313669 0.952401
3.306074 0.743081
3.957805 0.532243
2.848890 0.135180
2.026573 0.139428
4.010178 0.049113
4.108447 0.582932
7.011902 0.412568
0.964069 0.966890
1.879184 0.307215
0.889158 0.392141
5.049638 0.821162
6.018417 0.605330
2.663379 0.885624
5.943137 0.078648
8.676709 0.525681
0.310487 0.198278
2.687612 0.426829
7.305217 0.553650
5.620095 0.933179
6.930781 0.963027
9.822916 0.103923
5.459589 0.683482
5.164912 0.642366
6.503721 0.704410
9.495807 0.739288
0.965505 0.454544
5.604501 0.698392
0.598747 0.826788
5.840161 0.654188
9.054357 0.451687
1.798691 0.936484
6.499653 0.448630
3.633136 0.380487
0.022804 0.925323
3.136659 0.695359
8.883504 0.295958
7.992814 0.434309
9.794393 0.315773
0.766751 0.629811
0.201821 0.026256
3.690993 0.116733
4.808003 0.929549
8.151249 0.540675
7.563375 0.399141
1.948634 0.661773
8.508281 0.374732
5.982576 0.500793
8.233627 0.961571
8.812804 0.825643
8.868943 0.194946
5.210017 0.775245
4.909038 0.320283
2.095540 0.470343
6.360556 0.286229
1.001545 0.656238
3.124850 0.469254
7.729704 0.793285
3.988033 0.588095
3.339603 0.155141
9.872363 0.528824
8.169140 0.838064
9.035562 0.415172
3.388578 0.726919
3.767427 0.220138
5.525620 0.263637
4.150845 0.073564
0.388817 0.905988
3.938467 0.248436
3.763314 0.029902
5.346650 0.476486
6.861400 0.847150
9.457398 0.459110
6.404353 0.344543
0.472056 0.974396
4.996839 0.034442
5.032193 0.316598
8.725064 0.406775
7.317694 0.211364
1.336944 0.108512
4.315023 0.686256
3.721492 0.846587
7.598201 0.411031
7.525752 0.153667
6.594667 0.128907
1.835692 0.194132
6.053925 0.869709
0.412817 0.551132
3.288195 0.681717
8.956755 0.376025
6.561125 0.395359
4.104671 0.159332
7.119573 0.282973
5.661072 0.443727
4.943376 0.699802
5.522389 0.925840
3.860580 0.924388
7.724268 0.145878
3.354190 0.525002
2.995450 0.994886
6.539085 0.483114
1.890174 0.259301
3.528233 0.230299
8.104334 0.681643
9.120161 0.706109
0.576680 0.568129
1.014684 0.468135
7.274603 0.813426
7.511086 0.293568
2.571525 0.245446
9.933691 0.809391
1.712862 0.379427
7.337795 0.943713
5.253053 0.069198
4.687149 0.824850
0.640842 0.122623
3.079644 0.253102
3.819244 0.660788
4.834008 0.192358
3.424305 0.395417
8.984667 0.400099
9.635455 0.999935
8.682337 0.691006
8.133608 0.619342
9.845733 0.070513
8.647885 0.977942
8.799047 0.036075
3.573696 0.613684
9.797876 0.882675
6.828826 0.448502
7.075251 0.746967
5.711258 0.015489
0.000685 0.953050
6.762771 0.483469
1.454081 0.018708
8.788861 0.043875
4.188062 0.842432
0.438099 0.287040
5.334374 0.857171
9.063821 0.518011
9.276840 0.771171
4.959532 0.807589
8.072453 0.853323
4.212728 0.787033
7.359977 0.104155
2.355354 0.443523
8.511222 0.806661
4.590123 0.851191
7.597115 0.135289
3.346600 0.905120
1.539971 0.213546
9.489944 0.572803
0.559777 0.992804
8.598432 0.589415
8.499751 0.766225
1.074259 0.777659
5.373959 0.603379
5.852478 0.344641
4.567019 0.006521
1.316741 0.192700
1.106760 0.367209
6.362226 0.961798
1.738707 0.095235
8.129890 0.933582
2.305244 0.147649
8.387018 0.384522
3.611951 0.787696
9.573248 0.417173
7.805006 0.817168
0.065880 0.630476
5.833933 0.114014
4.081348 0.120789
7.173930 0.993383
4.654303 0.174095
9.999031 0.597104
3.667946 0.110579
9.643139 0.003017
0.723774 0.138185
0.982521 0.885366
0.717669 0.328776
0.330153 0.910469
7.132980 0.394210
6.981649 0.670623
8.113833 0.478666
4.877908 0.817971
1.091412 0.071184
9.319852 0.517276
1.919732 0.649378
5.106585 0.657403
8.234731 0.510562
2.545079 0.190268
6.211408 0.218822
1.932848 0.693518
3.570064 0.291537
5.788846 0.428773
6.203133 0.611900
3.392420 0.333611
0.061104 0.037407
0.042341 0.817494
5.160724 0.492025
6.354650 0.625214
5.632090 0.567450
1.424896 0.755182
2.168284 0.653148
4.125857 0.040301
1.637098 0.667094
2.305691 0.784851
8.859154 0.423854
4.783688 0.242922
7.153908 0.057253
6.716951 0.335704
6.691533 0.010937
6.693155 0.675264
0.483439 0.673550
4.927574 0.564416
1.655745 0.128222
1.896299 0.728784
6.956726 0.332119
4.839658 0.912501
9.852675 0.896551
9.528024 0.148977
5.636451 0.183371
9.338279 0.449560
6.072254 0.412197
6.924822 0.322616
4.694500 0.364177
6.583203 0.138603
3.751143 0.327636
8.138670 0.423458
0.011854 0.306624
9.878745 0.166760
4.348467 0.177504
8.955435 0.130519
5.096237 0.379509
0.430203 0.494891
2.760607 0.995823
6.438685 0.839706
1.791942 0.577696
2.892662 0.786420
9.898930 0.981748
1.090358 0.459343
3.459257 0.767356
5.979463 0.721040
0.949919 0.411813
1.444982 0.096177
7.184376 0.132373
2.629372 0.153284
3.098770 0.158481
2.838036 0.819501
5.379900 0.326824
3.143919 0.814051
3.226466 0.958260
6.537565 0.501841
5.359568 0.943023
2.882604 0.525850
9.247711 0.397296
9.851927 0.270697
1.646523 0.583139
9.917368 0.259644
9.949523 0.136235
3.558216 0.713390
2.686077 0.618759
8.666743 0.578485
7.772395 0.150478
3.979854 0.315230
4.773018 0.712377
1.292802 0.799948
6.706378 0.783037
3.017892 0.206595
7.260594 0.590050
7.324443 0.650830
9.873457 0.717637
9.215273 0.151998
3.007761 0.913264
4.116423 0.295728
0.494991 0.767464
0.091184 0.318107
3.862226 0.875793
8.965916 0.163462
0.262705 0.294577
4.786917 0.503572
0.069544 0.607972
3.035208 0.677592
3.910086 0.605310
8.841868 0.117068
1.953595 0.616631
7.678984 0.182705
3.342682 0.689426
3.347032 0.635044
6.026898 0.746345
9.307727 0.652189
5.138093 0.939891
9.702958 0.900032
8.156836 0.866887
0.634941 0.841954
1.614644 0.542186
3.455265 0.168419
1.501576 0.649047
8.460111 0.541166
2.543573 0.730198
6.582341 0.449717
3.468291 0.426133
6.324220 0.681097
1.155582 0.967125
3.161415 0.718248
7.134707 0.246914
3.704370 0.227280
1.868052 0.340733
1.273119 0.002489
2.076202 0.190806
8.444430 0.369085
7.329917 0.189970
5.375035 0.883149
8.390169 0.383515
4.243155 0.093374
1.137125 0.082550
5.430910 0.460542
5.086822 0.175513
1.416388 0.624240
1.426382 0.457780
3.424884 0.856109
7.046945 0.712925
0.833888 0.891500
0.536582 0.210701
8.939885 0.261278
4.015067 0.738431
6.303630 0.134498
9.284011 0.167866
0.176478 0.767418
5.513810 0.441963
8.607921 0.665094
5.245130 0.403883
1.256351 0.033195
5.793960 0.267274
6.574355 0.722034
7.250541 0.999924
5.781431 0.429749
7.128493 0.661532
3.212483 0.766507
8.722327 0.215237
0.277859 0.273739
9.536682 0.658149
4.082378 0.882069
8.260153 0.425886
6.494872 0.377396
8.678490 0.510279
0.424899 0.392362
9.141624 0.168125
4.255571 0.493558
4.353988 0.082993
2.155926 0.160453
0.829166 0.793736
5.902015 0.795766
4.552676 0.911450
5.622734 0.327500
1.266865 0.590059
6.012396 0.080355
2.482082 0.009477
9.624240 0.074223
4.353631 0.611911
4.516198 0.303212
1.221906 0.494110
6.955741 0.036353
6.622346 0.121131
5.299114 0.097633
2.041239 0.745504
2.580864 0.287040
5.392398 0.848288
0.828064 0.994507
7.597377 0.645080
3.220076 0.886424
2.351391 0.923247
9.667790 0.483347
9.327247 0.929203
5.575708 0.368088
5.411143 0.009191
6.713000 0.663305
5.033003 0.366874
6.996579 0.165535
4.880053 0.229569
2.631684 0.692129
9.750734 0.521255
9.791697 0.514313
3.695427 0.061976
5.088205 0.129280
7.070560 0.830828
0.157047 0.942195
7.540754 0.982484
4.255424 0.686800
9.116868 0.983113
0.548880 0.452801
9.923038 0.726188
1.161060 0.495604
0.930621 0.815764
6.611391 0.581067
0.453333 0.924308
2.731966 0.020407
4.455623 0.252366
5.347199 0.815105
3.143424 0.043540
9.443855 0.021398
8.743686 0.960090
9.635934 0.628444
9.425739 0.389136
3.152441 0.854261
3.722489 0.370132
3.070618 0.364553
0.963201 0.423168
8.601568 0.189382
2.389317 0.521296
7.704495 0.284265
4.456034 0.043646
3.046717 0.891166
2.960124 0.839392
7.062707 0.610355
8.829320 0.650656
6.317531 0.757301
6.107464 0.595347
3.857445 0.553320
9.844823 0.700989
4.075811 0.356731
0.711208 0.714643
7.212839 0.167441
1.378106 0.581441
3.568230 0.376742
1.027366 0.127272
6.610073 0.548340
1.709186 0.965679
4.395056 0.466931
8.050705 0.145776
0.772857 0.688003
7.964326 0.709039
4.453031 0.407179
3.043853 0.831048
9.604994 0.288868
5.320363 0.368081
6.455988 0.603157
0.827234 0.366883
7.705979 0.220534
9.483235 0.127421
5.972763 0.051060
2.546933 0.258284
5.994000 0.425612
2.239626 0.038906
8.925428 0.029033
1.846820 0.969828
7.170357 0.981115
6.788672 0.162339
3.882936 0.983252
9.933864 0.348793
2.721201 0.525423
7.168736 0.917719
1.285798 0.799597
2.846017 0.899178
0.201310 0.232925
0.265986 0.617407
2.839852 0.281292
8.756909 0.883385
7.069038 0.099654
9.222908 0.599447
1.286867 0.106973
5.692750 0.845722
0.880874 0.248142
0.080612 0.476381
2.313947 0.001448
8.251741 0.503515
5.268704 0.542048
4.212338 0.655450
3.416446 0.705836
5.546279 0.361776
9.387607 0.581226
9.791829 0.222746
8.625183 0.854874
1.061312 0.569422
9.545274 0.028422
1.688687 0.083214
1.353948 0.738144
9.289365 0.223482
9.862859 0.936998
6.998631 0.217681
9.384454 0.525037
7.211955 0.465316
0.670849 0.142429
1.207659 0.408729
8.482648 0.675394
7.705050 0.787026
2.566201 0.749688
0.097715 0.119138
6.045617 0.115903
6.885605 0.559089
1.443246 0.857429
6.423032 0.279719
5.955729 0.571240
5.032015 0.581859
5.082374 0.203065
7.995395 0.446683
7.281018 0.520735
9.119985 0.795187
6.631644 0.032764
2.039162 0.511429
7.081581 0.974421
2.984548 0.964778
7.241091 0.308226
0.839167 0.328671
4.241290 0.772477
8.877599 0.568454
6.299065 0.530063
8.481730 0.225479
1.013028 0.351375
8.073382 0.609540
5.544392 0.606878
0.562230 0.282541
1.276128 0.968221
0.777277 0.790777
0.009858 0.281644
3.022064 0.709144
2.560651 0.600661
6.739222 0.980174
9.088875 0.757839
3.088449 0.333016
5.303161 0.196605
9.014701 0.160223
7.266678 0.749643
3.857020 0.827971
1.010176 0.193040
4.375108 0.655457
7.999179 0.493734
9.379978 0.927531
4.619552 0.015726
7.183080 0.462941
2.973694 0.020514
1.720849 0.553434
6.211756 0.846007
5.336087 0.530063
6.038460 0.842454
8.630796 0.134162
0.390584 0.764550
2.943847 0.765726
5.141928 0.680087
5.936968 0.615210
8.731269 0.031208
2.706672 0.673045
5.249413 0.208665
6.005756 0.986896
2.243905 0.318884
4.498375 0.521760
3.393979 0.621922
0.751945 0.960574
4.679295 0.608803
4.906367 0.071776
4.512567 0.353716
2.059377 0.490315
1.182659 0.500322
2.560413 0.632459
1.804091 0.849738
2.476691 0.053536
8.809457 0.518336
7.265808 0.405887
7.270013 0.327156
3.927835 0.951392
6.460400 0.842621
4.731518 0.985438
4.645434 0.548346
9.460115 0.932473
1.571494 0.436648
0.042484 0.608406
7.903644 0.210186
0.987211 0.908630
7.105086 0.354762
5.410890 0.890918
2.045006 0.788758
9.444537 0.085446
3.070943 0.671035
4.913333 0.034096
9.981910 0.884117
9.854874 0.644231
7.267378 0.458639
6.296689 0.191281
0.069855 0.575680
1.237540 0.164135
0.123285 0.128002
7.725409 0.802693
3.381886 0.871262
7.113233 0.048697
2.260245 0.252412
9.396149 0.430525
0.411704 0.884069
5.159713 0.348265
5.551033 0.007305
3.823603 0.553294
8.914214 0.367848
1.975253 0.618159
8.264869 0.827194
8.094403 0.833472
4.028745 0.933194
9.976072 0.415203
0.611968 0.770148
2.178960 0.399385
6.414101 0.929219
4.480826 0.867435
1.816316 0.387698
2.979596 0.222802
2.717662 0.813931
5.710666 0.826869
8.212356 0.953427
3.801637 0.712657
3.212746 0.577689
3.308162 0.147762
4.048832 0.140257
9.812340 0.807758
0.734509 0.978841
2.229608 0.134648
7.489892 0.440857
5.340331 0.390399
3.700761 0.982116
2.578339 0.551708
3.698133 0.555794
7.745096 0.641580
3.697245 0.345576
4.684490 0.190960
2.990031 0.848613
9.036172 0.620278
4.263017 0.234433
7.680393 0.831185
3.746900 0.749273
6.389426 0.448141
7.281144 0.861903
5.827885 0.477104
3.027602 0.116822
8.675029 0.672836
0.989374 0.125337
2.245439 0.468751
6.811304 0.999053
1.103302 0.050855
3.446297 0.578779
2.418151 0.643633
4.273920 0.145432
2.639104 0.853694
3.798657 0.031950
6.848786 0.754556
7.812229 0.323821
2.026965 0.509337
1.857246 0.785485
9.864410 0.488485
9.023067 0.853944
1.613211 0.001244
9.792808 0.385865
4.699949 0.660411
3.849186 0.580325
7.112661 0.729548
1.591044 0.953081
3.731809 0.586496
0.985135 0.637091
4.401900 0.478379
6.690411 0.125069
2.329349 0.450264
4.488898 0.435631
9.596013 0.634614
2.211165 0.946042
1.230992 0.123423
7.999862 0.284420
1.246674 0.779267
6.702854 0.594662
4.396781 0.055204
1.749874 0.150944
7.847522 0.334092
1.040255 0.157933
9.205881 0.202539
7.950245 0.360778
6.809183 0.464066
4.858467 0.913853
9.143295 0.934737
3.494847 0.873931
5.693509 0.570601
8.199732 0.692450
6.940245 0.619959
9.768705 0.818692
3.992263 0.647156
4.133542 0.838904
7.023598 0.588342
9.898487 0.487112
9.224333 0.093874
6.450451 0.843021
2.964133 0.440070
2.037995 0.977332
9.041350 0.689646
8.911847 0.818465
6.243827 0.240669
6.923954 0.193734
8.112706 0.512369
8.861838 0.505295
1.323279 0.863054
3.239870 0.531554
5.102102 0.737341
3.704587 0.212570
3.256827 0.360307
6.996819 0.248116
4.541817 0.344727
0.911375 0.750595
7.847965 0.294937
7.279265 0.688932
9.845832 0.619111
5.073961 0.608966
8.597806 0.199791
8.026996 0.671051
7.121601 0.688883
1.763464 0.844488
5.519377 0.500333
3.760423 0.062148
2.376745 0.746501
2.747178 0.563357
1.068085 0.974400
8.114733 0.560990
3.191268 0.902611
3.115851 0.103923
1.975479 0.039512
7.928548 0.182131
6.586227 0.300251
7.910971 0.518403
5.000424 0.593797
1.894547 0.212202
2.826801 0.365801
0.566905 0.834618
8.661344 0.432733
8.967658 0.103809
1.792337 0.171484
6.671662 0.286042
1.458834 0.478640
8.470323 0.465010
3.812504 0.158617
5.689334 0.578798
1.981289 0.361788
7.609293 0.856752
6.620391 0.552026
3.751551 0.162082
1.458231 0.564610
